10.000 0.279
20.000 0.371
30.000 0.536
40.000 0.151
50.000 0.268
60.000 0.303
70.000 0.580
80.000 0.656
90.000 0.688
100.000 0.446
110.000 0.202
120.000 0.247
130.000 0.369
140.000 0.851
150.000 0.444
160.000 0.523
170.000 0.542
180.000 0.875
190.000 0.896
200.000 0.963
210.000 1.229
220.000 1.905
230.000 2.476
240.000 3.849
250.000 4.987
260.000 9.892
270.000 11.165
280.000 8.616
290.000 5.693
300.000 4.913
310.000 4.282
320.000 3.858
330.000 3.693
340.000 3.715
350.000 3.616
360.000 3.639
370.000 3.721
380.000 4.013
390.000 4.234
400.000 4.464
410.000 4.974
420.000 5.693
430.000 6.296
440.000 7.614
450.000 8.471
460.000 11.374
470.000 15.931
480.000 19.401
490.000 31.104
500.000 40.929
510.000 65.500
520.000 56.515
530.000 40.138
540.000 26.001
550.000 21.179
560.000 15.511
570.000 13.437
580.000 10.424
590.000 8.318
600.000 7.557
610.000 6.434
620.000 5.973
630.000 5.286
640.000 4.847
650.000 4.668
660.000 4.416
670.000 4.293
680.000 4.276
690.000 4.354
700.000 4.443
710.000 4.850
720.000 5.385
730.000 6.031
740.000 7.757
750.000 9.105
760.000 13.769
770.000 14.942
780.000 10.061
790.000 4.596
800.000 3.599
810.000 2.422
820.000 1.785
830.000 1.539
840.000 1.179
850.000 1.040
860.000 0.926
870.000 0.855
880.000 0.818
890.000 0.750
900.000 0.725
910.000 0.762
920.000 0.759
930.000 0.830
940.000 0.872
950.000 0.950
960.000 1.136
970.000 1.509
980.000 1.850
990.000 3.136
1000.000 3.832
1010.000 5.437
1020.000 2.833
1030.000 2.234
1040.000 1.643
1050.000 1.454
1060.000 1.217
1070.000 1.095
1080.000 1.026
1090.000 0.991
1100.000 0.948
1110.000 0.918
1120.000 0.906
1130.000 0.903
1140.000 0.884
1150.000 0.928
1160.000 0.995
1170.000 1.055
1180.000 1.211
1190.000 1.455
1200.000 1.618
1210.000 2.148
1220.000 2.564
1230.000 4.048
1240.000 6.928
1250.000 8.572
1260.000 6.621
1270.000 4.579
1280.000 3.178
1290.000 2.529
1300.000 2.343
1310.000 2.041
1320.000 1.945
1330.000 1.824
1340.000 1.754
1350.000 1.749
1360.000 1.717
1370.000 1.730
1380.000 1.758
1390.000 1.834
1400.000 1.874
1410.000 2.028
1420.000 2.121
1430.000 2.429
1440.000 2.932
1450.000 3.298
1460.000 4.463
1470.000 5.310
1480.000 7.728
1490.000 8.046
1500.000 6.090
1510.000 3.589
1520.000 2.996
1530.000 2.282
1540.000 1.880
1550.000 1.745
1560.000 1.562
1570.000 1.500
1580.000 1.425
1590.000 1.400
1600.000 1.399
1610.000 1.434
1620.000 1.468
1630.000 1.577
1640.000 1.723
1650.000 1.833
1660.000 2.110
1670.000 2.323
1680.000 2.864
1690.000 3.762
1700.000 4.422
1710.000 6.619
1720.000 8.436
1730.000 13.728
1740.000 15.628
1750.000 9.409
1760.000 6.101
1770.000 5.279
1780.000 4.269
1790.000 3.942
1800.000 3.494
1810.000 3.216
1820.000 3.131
1830.000 3.024
1840.000 3.003
1850.000 3.019
1860.000 3.129
1870.000 3.219
1880.000 3.497
1890.000 3.704
1900.000 4.329
1910.000 5.416
1920.000 6.274
1930.000 9.078
1940.000 11.113
1950.000 13.461
1960.000 7.281
1970.000 5.600
1980.000 3.764
1990.000 3.236
2000.000 2.524
2010.000 2.106
2020.000 1.960
2030.000 1.735
2040.000 1.641
2050.000 1.502
2060.000 1.422
2070.000 1.384
2080.000 1.335
2090.000 1.316
2100.000 1.288
2110.000 1.267
2120.000 1.260
2130.000 1.263
2140.000 1.260
2150.000 1.272
2160.000 1.285
2170.000 1.295
2180.000 1.313
2190.000 1.329
2200.000 1.360
2210.000 1.396
2220.000 1.424
2230.000 1.468
2240.000 1.495
2250.000 1.559
2260.000 1.634
2270.000 1.685
2280.000 1.781
2290.000 1.838
2300.000 1.968
2310.000 2.136
2320.000 2.237
2330.000 2.490
2340.000 2.631
2350.000 2.994
2360.000 3.492
2370.000 3.820
2380.000 4.705
2390.000 5.315
2400.000 7.154
2410.000 10.567
2420.000 13.438
2430.000 23.058
2440.000 28.478
2450.000 21.816
2460.000 12.160
2470.000 10.393
2480.000 8.421
2490.000 7.879
2500.000 7.283
2510.000 7.166
2520.000 7.266
2530.000 7.790
2540.000 8.278
2550.000 9.780
2560.000 12.461
2570.000 14.510
2580.000 20.561
2590.000 24.113
2600.000 25.367
2610.000 16.289
2620.000 13.360
2630.000 9.970
2640.000 8.885
2650.000 7.443
2660.000 6.581
2670.000 6.282
2680.000 5.888
2690.000 5.776
2700.000 5.700
2710.000 5.816
2720.000 5.952
2730.000 6.438
2740.000 6.825
2750.000 8.037
2760.000 10.215
2770.000 11.924
2780.000 16.799
2790.000 18.952
2800.000 14.727
2810.000 7.685
2820.000 6.129
2830.000 4.223
2840.000 3.614
2850.000 2.770
2860.000 2.224
2870.000 2.017
2880.000 1.695
2890.000 1.575
2900.000 1.385
2910.000 1.246
2920.000 1.196
2930.000 1.118
2940.000 1.087
2950.000 1.062
2960.000 1.059
2970.000 1.070
2980.000 1.117
2990.000 1.147
3000.000 1.241
3010.000 1.302
3020.000 1.475
3030.000 1.698
3040.000 1.840
3050.000 2.244
3060.000 2.500
3070.000 3.218
3080.000 4.382
3090.000 5.256
3100.000 8.065
3110.000 10.372
3120.000 17.133
3130.000 19.075
3140.000 14.397
3150.000 9.538
3160.000 8.422
3170.000 7.132
3180.000 6.536
3190.000 6.405
3200.000 6.398
3210.000 6.542
3220.000 7.134
3230.000 8.286
3240.000 9.230
3250.000 12.304
3260.000 14.570
3270.000 18.989
3280.000 13.992
3290.000 9.937
3300.000 6.279
3310.000 5.262
3320.000 3.989
3330.000 3.263
3340.000 3.022
3350.000 2.693
3360.000 2.602
3370.000 2.536
3380.000 2.614
3390.000 2.736
3400.000 3.162
3410.000 3.532
3420.000 4.777
3430.000 7.135
3440.000 8.559
3450.000 7.984
3460.000 5.556
3470.000 3.332
3480.000 2.423
3490.000 2.143
3500.000 1.755
3510.000 1.618
3520.000 1.401
3530.000 1.260
3540.000 1.208
3550.000 1.112
3560.000 1.081
3570.000 1.018
3580.000 0.973
3590.000 0.955
3600.000 0.916
3610.000 0.901
3620.000 0.878
3630.000 0.859
3640.000 0.850
3650.000 0.837
3660.000 0.832
3670.000 0.822
3680.000 0.815
3690.000 0.814
3700.000 0.804
3710.000 0.804
3720.000 0.803
3730.000 0.810
3740.000 0.806
3750.000 0.814
3760.000 0.814
3770.000 0.822
3780.000 0.830
3790.000 0.836
3800.000 0.853
3810.000 0.860
3820.000 0.881
3830.000 0.906
3840.000 0.924
3850.000 0.962
3860.000 0.987
3870.000 1.046
3880.000 1.116
3890.000 1.169
3900.000 1.285
3910.000 1.362
3920.000 1.571
3930.000 1.890
3940.000 2.095
3950.000 2.618
3960.000 2.895
3970.000 3.139
3980.000 2.621
3990.000 2.266
4000.000 1.739
4010.000 1.560
4020.000 1.335
4030.000 1.228
4040.000 1.202
4050.000 1.221
4060.000 1.263
4070.000 1.407
4080.000 1.648
4090.000 1.814
4100.000 2.297
4110.000 2.651
4120.000 3.815
4130.000 4.695
4140.000 7.563
4150.000 11.693
4160.000 12.253
4170.000 7.627
4180.000 6.275
4190.000 4.801
4200.000 4.068
4210.000 3.844
4220.000 3.575
4230.000 3.511
4240.000 3.510
4250.000 3.681
4260.000 3.847
4270.000 4.420
4280.000 4.892
4290.000 6.356
4300.000 8.275
4310.000 8.398
4320.000 4.680
4330.000 3.319
4340.000 2.009
4350.000 1.372
4360.000 1.170
4370.000 0.909
4380.000 0.825
4390.000 0.705
4400.000 0.639
4410.000 0.618
4420.000 0.591
4430.000 0.579
4440.000 0.568
4450.000 0.564
4460.000 0.559
4470.000 0.559
4480.000 0.563
4490.000 0.559
4500.000 0.560
4510.000 0.560
4520.000 0.561
4530.000 0.565
4540.000 0.566
4550.000 0.569
4560.000 0.569
4570.000 0.575
4580.000 0.579
4590.000 0.585
4600.000 0.596
4610.000 0.603
4620.000 0.626
4630.000 0.647
4640.000 0.696
4650.000 0.780
4660.000 0.842
4670.000 1.041
4680.000 1.192
4690.000 1.705
4700.000 2.746
4710.000 3.673
4720.000 5.237
4730.000 4.735
4740.000 2.933
4750.000 2.286
4760.000 2.110
4770.000 1.898
4780.000 1.841
4790.000 1.785
4800.000 1.791
4810.000 1.821
4820.000 1.937
4830.000 2.032
4840.000 2.314
4850.000 2.789
4860.000 3.166
4870.000 4.370
4880.000 5.221
4890.000 6.519
4900.000 4.378
4910.000 3.312
4920.000 2.291
4930.000 2.016
4940.000 1.674
4950.000 1.505
4960.000 1.464
4970.000 1.449
4980.000 1.473
4990.000 1.573
5000.000 1.774
5010.000 1.923
5020.000 2.378
5030.000 2.714
5040.000 3.770
5050.000 5.407
5060.000 6.011
5070.000 4.609
5080.000 3.437
5090.000 2.278
5100.000 1.721
5110.000 1.543
5120.000 1.298
5130.000 1.214
5140.000 1.091
5150.000 1.011
5160.000 0.978
5170.000 0.937
5180.000 0.922
5190.000 0.897
5200.000 0.886
5210.000 0.885
5220.000 0.888
5230.000 0.895
5240.000 0.910
5250.000 0.936
5260.000 0.954
5270.000 1.005
5280.000 1.041
5290.000 1.141
5300.000 1.303
5310.000 1.438
5320.000 1.835
5330.000 2.136
5340.000 3.018
5350.000 3.418
5360.000 2.843
5370.000 1.787
5380.000 1.542
5390.000 1.335
5400.000 1.289
5410.000 1.304
5420.000 1.437
5430.000 1.558
5440.000 1.984
5450.000 2.315
5460.000 3.310
5470.000 4.057
5480.000 3.672
5490.000 2.376
5500.000 2.030
5510.000 1.601
5520.000 1.382
5530.000 1.313
5540.000 1.228
5550.000 1.205
5560.000 1.195
5570.000 1.184
5580.000 1.131
5590.000 0.685
5600.000 0.301
5610.000 0.242
5620.000 0.389
5630.000 0.427
5640.000 0.480
5650.000 0.500
5660.000 0.526
5670.000 0.544
5680.000 0.547
5690.000 0.559
5700.000 0.564
5710.000 0.566
5720.000 0.572
5730.000 0.574
5740.000 0.576
5750.000 0.578
5760.000 0.584
5770.000 0.583
5780.000 0.585
5790.000 0.581
5800.000 0.586
5810.000 0.587
5820.000 0.587
5830.000 0.589
5840.000 0.586
5850.000 0.589
5860.000 0.586
5870.000 0.587
5880.000 0.591
5890.000 0.591
5900.000 0.589
5910.000 0.588
5920.000 0.586
5930.000 0.590
5940.000 0.590
5950.000 0.586
5960.000 0.588
5970.000 0.594
5980.000 0.590
5990.000 0.589
6000.000 0.592
6010.000 0.593
6020.000 0.589
6030.000 0.590
6040.000 0.588
6050.000 0.588
6060.000 0.591
6070.000 0.588
6080.000 0.590
6090.000 0.593
6100.000 0.591
6110.000 0.591
6120.000 0.592
6130.000 0.592
6140.000 0.589
6150.000 0.590
6160.000 0.591
6170.000 0.589
6180.000 0.593
6190.000 0.590
6200.000 0.593
6210.000 0.590
6220.000 0.590
6230.000 0.591
6240.000 0.592
6250.000 0.595
6260.000 0.590
6270.000 0.590
6280.000 0.587
6290.000 0.590
6300.000 0.589
6310.000 0.590
6320.000 0.589
6330.000 0.589
6340.000 0.588
6350.000 0.590
6360.000 0.592
6370.000 0.590
6380.000 0.589
6390.000 0.589
6400.000 0.589
6410.000 0.588
6420.000 0.588
6430.000 0.589
6440.000 0.590
6450.000 0.590
6460.000 0.588
6470.000 0.589
6480.000 0.584
6490.000 0.586
6500.000 0.587
6510.000 0.589
6520.000 0.586
6530.000 0.588
6540.000 0.587
6550.000 0.588
6560.000 0.589
6570.000 0.592
6580.000 0.592
6590.000 0.597
6600.000 0.599
6610.000 0.614
6620.000 0.624
6630.000 0.658
6640.000 0.725
6650.000 0.785
6660.000 0.989
6670.000 1.172
6680.000 1.826
6690.000 3.189
6700.000 4.223
6710.000 5.859
6720.000 5.589
6730.000 4.894
6740.000 5.266
6750.000 5.793
6760.000 7.633
6770.000 8.777
6780.000 9.340
6790.000 6.365
6800.000 5.385
6810.000 4.358
6820.000 4.104
6830.000 3.908
6840.000 4.054
6850.000 4.233
6860.000 4.932
6870.000 5.498
6880.000 7.269
6890.000 10.050
6900.000 11.289
6910.000 10.206
6920.000 8.182
6930.000 5.639
6940.000 4.349
6950.000 3.975
6960.000 3.487
6970.000 3.341
6980.000 3.172
6990.000 3.152
7000.000 3.192
7010.000 3.400
7020.000 3.582
7030.000 4.159
7040.000 5.143
7050.000 5.897
7060.000 7.930
7070.000 8.889
7080.000 8.425
7090.000 5.522
7100.000 4.664
7110.000 3.632
7120.000 3.307
7130.000 2.899
7140.000 2.693
7150.000 2.643
7160.000 2.638
7170.000 2.678
7180.000 2.856
7190.000 3.196
7200.000 3.452
7210.000 4.222
7220.000 4.786
7230.000 6.475
7240.000 8.647
7250.000 9.254
7260.000 7.538
7270.000 6.142
7280.000 4.363
7290.000 3.446
7300.000 3.131
7310.000 2.716
7320.000 2.581
7330.000 2.405
7340.000 2.331
7350.000 2.326
7360.000 2.403
7370.000 2.480
7380.000 2.757
7390.000 3.267
7400.000 3.656
7410.000 4.790
7420.000 5.494
7430.000 6.245
7440.000 4.632
7450.000 3.767
7460.000 2.772
7470.000 2.487
7480.000 2.133
7490.000 1.938
7500.000 1.892
7510.000 1.859
7520.000 1.882
7530.000 1.991
7540.000 2.228
7550.000 2.414
7560.000 2.953
7570.000 3.326
7580.000 4.118
7590.000 4.029
7600.000 3.436
7610.000 2.289
7620.000 1.954
7630.000 1.517
7640.000 1.264
7650.000 1.174
7660.000 1.048
7670.000 0.997
7680.000 0.926
7690.000 0.905
7700.000 0.866
7710.000 0.853
7720.000 0.845
7730.000 0.857
7740.000 0.870
7750.000 0.925
7760.000 1.037
7770.000 1.107
7780.000 1.146
7790.000 1.052
7800.000 0.860
7810.000 0.800
7820.000 0.793
7830.000 0.800
7840.000 0.818
7850.000 0.888
7860.000 1.019
7870.000 1.104
7880.000 1.166
7890.000 1.061
7900.000 0.795
7910.000 0.676
7920.000 0.648
7930.000 0.613
7940.000 0.607
7950.000 0.592
7960.000 0.587
7970.000 0.582
7980.000 0.580
7990.000 0.577
8000.000 0.579
8010.000 0.575
8020.000 0.578
8030.000 0.573
8040.000 0.574
8050.000 0.577
8060.000 0.575
8070.000 0.576
8080.000 0.574
8090.000 0.572
8100.000 0.570
8110.000 0.569
8120.000 0.573
8130.000 0.572
8140.000 0.574
8150.000 0.571
8160.000 0.568
8170.000 0.569
8180.000 0.573
8190.000 0.574
8200.000 0.575
8210.000 0.573
8220.000 0.570
8230.000 0.571
8240.000 0.569
8250.000 0.572
8260.000 0.571
8270.000 0.571
8280.000 0.566
8290.000 0.572
8300.000 0.572
8310.000 0.567
8320.000 0.570
8330.000 0.571
8340.000 0.570
8350.000 0.566
8360.000 0.570
8370.000 0.566
8380.000 0.567
8390.000 0.570
8400.000 0.571
8410.000 0.566
8420.000 0.567
8430.000 0.568
8440.000 0.567
8450.000 0.564
8460.000 0.566
8470.000 0.565
8480.000 0.564
8490.000 0.565
8500.000 0.568
8510.000 0.567
8520.000 0.564
8530.000 0.567
8540.000 0.565
8550.000 0.569
8560.000 0.566
8570.000 0.565
8580.000 0.564
8590.000 0.565
8600.000 0.567
8610.000 0.568
8620.000 0.567
8630.000 0.562
8640.000 0.558
8650.000 0.562
8660.000 0.564
8670.000 0.562
8680.000 0.562
8690.000 0.566
8700.000 0.561
8710.000 0.565
8720.000 0.563
8730.000 0.563
8740.000 0.563
8750.000 0.560
8760.000 0.561
8770.000 0.565
8780.000 0.559
8790.000 0.559
8800.000 0.560
8810.000 0.558
8820.000 0.560
8830.000 0.560
8840.000 0.560
8850.000 0.559
8860.000 0.559
8870.000 0.558
8880.000 0.554
8890.000 0.558
8900.000 0.554
8910.000 0.556
8920.000 0.552
8930.000 0.549
8940.000 0.551
8950.000 0.547
8960.000 0.545
8970.000 0.539
8980.000 0.531
8990.000 0.523
9000.000 0.509
9010.000 0.496
9020.000 0.461
9030.000 0.407
9040.000 0.367
9050.000 0.218
9060.000 0.105
9070.000 0.433
9080.000 1.379
9090.000 1.848
9100.000 2.227
9110.000 2.395
9120.000 2.920
9130.000 3.328
9140.000 3.252
9150.000 2.357
9160.000 1.942
9170.000 1.470
9180.000 1.281
9190.000 1.262
9200.000 1.344
9210.000 1.428
9220.000 1.428
9230.000 1.066
9240.000 0.944
9250.000 0.817
9260.000 0.781
9270.000 0.732
9280.000 0.701
9290.000 0.689
9300.000 0.674
9310.000 0.670
9320.000 0.662
9330.000 0.659
9340.000 0.659
9350.000 0.657
9360.000 0.658
9370.000 0.658
9380.000 0.666
9390.000 0.669
9400.000 0.676
9410.000 0.687
9420.000 0.705
9430.000 0.733
9440.000 0.748
9450.000 0.784
9460.000 0.807
9470.000 0.879
9480.000 0.923
9490.000 1.054
9500.000 1.287
9510.000 1.459
9520.000 1.963
9530.000 2.269
9540.000 2.632
9550.000 2.162
9560.000 1.895
9570.000 1.634
9580.000 1.604
9590.000 1.765
9600.000 2.179
9610.000 2.365
9620.000 2.228
9630.000 1.984
9640.000 1.658
9650.000 1.569
9660.000 1.574
9670.000 1.657
9680.000 1.705
9690.000 1.606
9700.000 1.066
9710.000 0.836
9720.000 0.624
9730.000 0.581
9740.000 0.538
9750.000 0.529
9760.000 0.530
9770.000 0.527
9780.000 0.530
9790.000 0.532
9800.000 0.533
9810.000 0.533
9820.000 0.535
9830.000 0.534
9840.000 0.538
9850.000 0.538
9860.000 0.539
9870.000 0.538
9880.000 0.538
9890.000 0.538
9900.000 0.541
9910.000 0.543
9920.000 0.538
9930.000 0.539
9940.000 0.540
9950.000 0.542
9960.000 0.544
9970.000 0.544
9980.000 0.543
9990.000 0.540
10000.000 0.541
10010.000 0.541
10020.000 0.543
10030.000 0.541
10040.000 0.543
10050.000 0.539
10060.000 0.543
10070.000 0.542
10080.000 0.540
10090.000 0.539
10100.000 0.539
10110.000 0.543
10120.000 0.537
10130.000 0.538
10140.000 0.540
10150.000 0.539
10160.000 0.540
10170.000 0.538
10180.000 0.536
10190.000 0.538
10200.000 0.537
10210.000 0.537
10220.000 0.535
10230.000 0.533
10240.000 0.534
10250.000 0.531
10260.000 0.531
10270.000 0.528
10280.000 0.527
10290.000 0.523
10300.000 0.516
10310.000 0.516
10320.000 0.508
10330.000 0.504
10340.000 0.497
10350.000 0.497
10360.000 0.502
10370.000 0.524
10380.000 0.538
10390.000 0.561
10400.000 0.574
10410.000 0.579
10420.000 0.588
10430.000 0.589
10440.000 0.598
10450.000 0.606
10460.000 0.614
10470.000 0.629
10480.000 0.641
10490.000 0.677
10500.000 0.734
10510.000 0.768
10520.000 0.835
10530.000 0.820
10540.000 0.629
10550.000 0.447
10560.000 0.395
10570.000 0.310
10580.000 0.268
10590.000 0.283
10600.000 0.470
10610.000 0.530
10620.000 0.564
10630.000 0.562
10640.000 0.563
10650.000 0.558
10660.000 0.554
10670.000 0.549
10680.000 0.548
10690.000 0.549
10700.000 0.544
10710.000 0.548
10720.000 0.547
10730.000 0.546
10740.000 0.548
10750.000 0.545
10760.000 0.543
10770.000 0.547
10780.000 0.547
10790.000 0.545
10800.000 0.546
10810.000 0.544
10820.000 0.541
10830.000 0.537
10840.000 0.535
10850.000 0.535
10860.000 0.532
10870.000 0.535
10880.000 0.537
10890.000 0.538
10900.000 0.543
10910.000 0.541
10920.000 0.544
10930.000 0.545
10940.000 0.541
10950.000 0.541
10960.000 0.538
10970.000 0.537
10980.000 0.536
10990.000 0.538
11000.000 0.538
11010.000 0.535
11020.000 0.539
11030.000 0.537
11040.000 0.543
11050.000 0.542
11060.000 0.541
11070.000 0.540
11080.000 0.540
11090.000 0.540
11100.000 0.540
11110.000 0.541
11120.000 0.541
11130.000 0.543
11140.000 0.542
11150.000 0.544
11160.000 0.544
11170.000 0.545
11180.000 0.546
11190.000 0.550
11200.000 0.553
11210.000 0.555
11220.000 0.562
11230.000 0.567
11240.000 0.574
11250.000 0.580
11260.000 0.600
11270.000 0.628
11280.000 0.648
11290.000 0.707
11300.000 0.749
11310.000 0.876
11320.000 1.061
11330.000 1.130
11340.000 1.042
11350.000 0.884
11360.000 0.713
11370.000 0.868
11380.000 1.067
11390.000 1.578
11400.000 1.722
11410.000 1.612
11420.000 1.450
11430.000 1.402
11440.000 1.396
11450.000 1.419
11460.000 1.517
11470.000 1.547
11480.000 1.448
11490.000 0.949
11500.000 0.729
11510.000 0.503
11520.000 0.434
11530.000 0.424
11540.000 0.423
11550.000 0.424
11560.000 0.429
11570.000 0.434
11580.000 0.437
11590.000 0.440
11600.000 0.440
11610.000 0.444
11620.000 0.446
11630.000 0.444
11640.000 0.444
11650.000 0.440
11660.000 0.438
11670.000 0.426
11680.000 0.421
11690.000 0.407
11700.000 0.398
11710.000 0.377
11720.000 0.342
11730.000 0.320
11740.000 0.263
11750.000 0.234
11760.000 0.198
11770.000 0.414
11780.000 0.630
11790.000 1.181
11800.000 1.388
11810.000 1.517
11820.000 1.561
11830.000 1.598
11840.000 1.655
11850.000 1.602
11860.000 1.196
11870.000 0.924
11880.000 0.498
11890.000 0.242
11900.000 0.125
11910.000 0.165
11920.000 0.319
11930.000 0.517
11940.000 0.555
11950.000 0.553
11960.000 0.550
11970.000 0.547
11980.000 0.539
11990.000 0.534
12000.000 0.533
