10.000 0.474
20.000 0.152
30.000 0.477
40.000 0.625
50.000 0.656
60.000 0.743
70.000 0.421
80.000 0.326
90.000 0.371
100.000 0.833
110.000 0.451
120.000 0.413
130.000 0.431
140.000 0.800
150.000 0.627
160.000 0.447
170.000 0.750
180.000 0.771
190.000 0.735
200.000 0.827
210.000 0.956
220.000 1.093
230.000 1.244
240.000 1.410
250.000 1.629
260.000 1.786
270.000 2.276
280.000 2.988
290.000 3.464
300.000 4.756
310.000 5.753
320.000 8.092
330.000 12.151
340.000 14.934
350.000 18.437
360.000 17.754
370.000 13.677
380.000 10.885
390.000 10.333
400.000 9.146
410.000 8.843
420.000 8.545
430.000 8.240
440.000 8.207
450.000 8.461
460.000 8.684
470.000 9.061
480.000 9.794
490.000 10.151
500.000 10.960
510.000 11.402
520.000 12.063
530.000 12.350
540.000 12.317
550.000 11.982
560.000 11.731
570.000 11.183
580.000 10.649
590.000 10.451
600.000 10.482
610.000 10.598
620.000 11.121
630.000 12.346
640.000 13.274
650.000 16.299
660.000 18.355
670.000 23.493
680.000 24.666
690.000 18.410
700.000 11.519
710.000 9.500
720.000 6.903
730.000 5.982
740.000 4.834
750.000 4.040
760.000 3.645
770.000 3.185
780.000 2.944
790.000 2.640
800.000 2.416
810.000 2.327
820.000 2.152
830.000 2.148
840.000 1.961
850.000 1.897
860.000 1.851
870.000 1.877
880.000 1.849
890.000 1.860
900.000 1.860
910.000 1.908
920.000 1.950
930.000 2.015
940.000 2.183
950.000 2.439
960.000 2.598
970.000 3.301
980.000 3.752
990.000 5.034
1000.000 5.896
1010.000 5.290
1020.000 3.279
1030.000 2.651
1040.000 1.992
1050.000 1.647
1060.000 1.522
1070.000 1.379
1080.000 1.312
1090.000 1.245
1100.000 1.184
1110.000 1.176
1120.000 1.160
1130.000 1.156
1140.000 1.190
1150.000 1.211
1160.000 1.235
1170.000 1.263
1180.000 1.309
1190.000 1.382
1200.000 1.456
1210.000 1.512
1220.000 1.640
1230.000 1.723
1240.000 1.922
1250.000 2.182
1260.000 2.380
1270.000 2.913
1280.000 3.277
1290.000 4.390
1300.000 6.221
1310.000 7.398
1320.000 8.460
1330.000 7.256
1340.000 4.513
1350.000 3.229
1360.000 2.793
1370.000 2.277
1380.000 2.095
1390.000 1.830
1400.000 1.657
1410.000 1.599
1420.000 1.496
1430.000 1.470
1440.000 1.416
1450.000 1.417
1460.000 1.421
1470.000 1.447
1480.000 1.466
1490.000 1.540
1500.000 1.664
1510.000 1.725
1520.000 1.912
1530.000 2.030
1540.000 2.340
1550.000 2.776
1560.000 3.075
1570.000 3.881
1580.000 4.472
1590.000 6.229
1600.000 9.268
1610.000 11.365
1620.000 14.386
1630.000 13.214
1640.000 8.479
1650.000 6.204
1660.000 5.504
1670.000 4.582
1680.000 4.267
1690.000 3.800
1700.000 3.494
1710.000 3.376
1720.000 3.214
1730.000 3.160
1740.000 3.091
1750.000 3.078
1760.000 3.092
1770.000 3.147
1780.000 3.199
1790.000 3.359
1800.000 3.590
1810.000 3.746
1820.000 4.160
1830.000 4.434
1840.000 5.187
1850.000 6.351
1860.000 7.210
1870.000 9.901
1880.000 11.725
1890.000 15.583
1900.000 16.180
1910.000 11.837
1920.000 7.920
1930.000 6.783
1940.000 5.345
1950.000 4.862
1960.000 4.187
1970.000 3.763
1980.000 3.604
1990.000 3.413
2000.000 3.352
2010.000 3.307
2020.000 3.357
2030.000 3.416
2040.000 3.625
2050.000 3.783
2060.000 4.246
2070.000 5.017
2080.000 5.553
2090.000 7.241
2100.000 8.460
2110.000 10.809
2120.000 8.970
2130.000 6.635
2140.000 4.020
2150.000 3.291
2160.000 2.338
2170.000 1.756
2180.000 1.542
2190.000 1.226
2200.000 1.110
2210.000 0.919
2220.000 0.780
2230.000 0.725
2240.000 0.639
2250.000 0.604
2260.000 0.552
2270.000 0.520
2280.000 0.501
2290.000 0.479
2300.000 0.476
2310.000 0.465
2320.000 0.462
2330.000 0.465
2340.000 0.461
2350.000 0.466
2360.000 0.463
2370.000 0.470
2380.000 0.470
2390.000 0.476
2400.000 0.477
2410.000 0.485
2420.000 0.490
2430.000 0.488
2440.000 0.494
2450.000 0.497
2460.000 0.500
2470.000 0.507
2480.000 0.505
2490.000 0.510
2500.000 0.511
2510.000 0.509
2520.000 0.515
2530.000 0.518
2540.000 0.523
2550.000 0.522
2560.000 0.524
2570.000 0.528
2580.000 0.525
2590.000 0.526
2600.000 0.530
2610.000 0.531
2620.000 0.530
2630.000 0.531
2640.000 0.538
2650.000 0.533
2660.000 0.537
2670.000 0.534
2680.000 0.539
2690.000 0.535
2700.000 0.538
2710.000 0.532
2720.000 0.535
2730.000 0.537
2740.000 0.535
2750.000 0.541
2760.000 0.540
2770.000 0.538
2780.000 0.540
2790.000 0.532
2800.000 0.533
2810.000 0.535
2820.000 0.533
2830.000 0.535
2840.000 0.530
2850.000 0.530
2860.000 0.528
2870.000 0.527
2880.000 0.526
2890.000 0.531
2900.000 0.528
2910.000 0.525
2920.000 0.523
2930.000 0.521
2940.000 0.521
2950.000 0.517
2960.000 0.517
2970.000 0.515
2980.000 0.514
2990.000 0.508
3000.000 0.511
3010.000 0.508
3020.000 0.500
3030.000 0.497
3040.000 0.493
3050.000 0.488
3060.000 0.483
3070.000 0.480
3080.000 0.468
3090.000 0.461
3100.000 0.457
3110.000 0.447
3120.000 0.441
3130.000 0.425
3140.000 0.409
3150.000 0.398
3160.000 0.375
3170.000 0.366
3180.000 0.338
3190.000 0.313
3200.000 0.294
3210.000 0.257
3220.000 0.244
3230.000 0.206
3240.000 0.208
3250.000 0.227
3260.000 0.315
3270.000 0.385
3280.000 0.586
3290.000 0.881
3300.000 1.080
3310.000 1.622
3320.000 1.996
3330.000 3.066
3340.000 4.941
3350.000 6.430
3360.000 11.515
3370.000 15.613
3380.000 25.371
3390.000 23.391
3400.000 19.851
3410.000 17.150
3420.000 16.837
3430.000 17.609
3440.000 20.275
3450.000 22.505
3460.000 29.108
3470.000 33.145
3480.000 36.802
3490.000 27.358
3500.000 22.456
3510.000 16.313
3520.000 14.434
3530.000 11.969
3540.000 10.532
3550.000 10.071
3560.000 9.498
3570.000 9.378
3580.000 9.439
3590.000 9.862
3600.000 10.234
3610.000 11.393
3620.000 12.244
3630.000 14.722
3640.000 18.760
3650.000 22.112
3660.000 30.175
3670.000 34.141
3680.000 33.521
3690.000 22.951
3700.000 19.267
3710.000 14.545
3720.000 13.027
3730.000 10.917
3740.000 9.585
3750.000 9.096
3760.000 8.394
3770.000 8.158
3780.000 7.833
3790.000 7.714
3800.000 7.729
3810.000 7.891
3820.000 8.051
3830.000 8.549
3840.000 9.323
3850.000 9.877
3860.000 11.452
3870.000 12.553
3880.000 15.781
3890.000 21.081
3900.000 24.661
3910.000 31.184
3920.000 30.870
3930.000 21.261
3940.000 14.352
3950.000 12.294
3960.000 9.565
3970.000 8.618
3980.000 7.235
3990.000 6.261
4000.000 5.893
4010.000 5.300
4020.000 5.078
4030.000 4.780
4040.000 4.671
4050.000 4.687
4060.000 4.841
4070.000 4.985
4080.000 5.410
4090.000 6.083
4100.000 6.536
4110.000 7.803
4120.000 8.688
4130.000 11.339
4140.000 15.645
4150.000 18.646
4160.000 24.470
4170.000 24.709
4180.000 17.651
4190.000 12.243
4200.000 10.642
4210.000 8.533
4220.000 7.788
4230.000 6.722
4240.000 6.004
4250.000 5.718
4260.000 5.334
4270.000 5.195
4280.000 5.009
4290.000 4.963
4300.000 4.944
4310.000 5.031
4320.000 5.129
4330.000 5.439
4340.000 5.676
4350.000 6.353
4360.000 7.484
4370.000 8.318
4380.000 10.728
4390.000 12.284
4400.000 14.467
4410.000 10.995
4420.000 8.519
4430.000 5.600
4440.000 4.738
4450.000 3.597
4460.000 2.916
4470.000 2.671
4480.000 2.319
4490.000 2.196
4500.000 2.027
4510.000 1.944
4520.000 1.935
4530.000 1.971
4540.000 2.014
4550.000 2.198
4560.000 2.542
4570.000 2.806
4580.000 3.626
4590.000 4.214
4600.000 5.469
4610.000 5.030
4620.000 4.050
4630.000 2.727
4640.000 2.350
4650.000 1.872
4660.000 1.601
4670.000 1.508
4680.000 1.386
4690.000 1.349
4700.000 1.304
4710.000 1.305
4720.000 1.317
4730.000 1.315
4740.000 1.252
4750.000 0.769
4760.000 0.123
4770.000 0.131
4780.000 0.307
4790.000 0.360
4800.000 0.432
4810.000 0.477
4820.000 0.492
4830.000 0.515
4840.000 0.524
4850.000 0.539
4860.000 0.546
4870.000 0.552
4880.000 0.556
4890.000 0.564
4900.000 0.567
4910.000 0.567
4920.000 0.569
4930.000 0.572
4940.000 0.577
4950.000 0.581
4960.000 0.581
4970.000 0.579
4980.000 0.582
4990.000 0.586
5000.000 0.590
5010.000 0.585
5020.000 0.589
5030.000 0.589
5040.000 0.593
5050.000 0.592
5060.000 0.594
5070.000 0.599
5080.000 0.594
5090.000 0.596
5100.000 0.599
5110.000 0.599
5120.000 0.600
5130.000 0.600
5140.000 0.601
5150.000 0.598
5160.000 0.601
5170.000 0.598
5180.000 0.598
5190.000 0.599
5200.000 0.599
5210.000 0.599
5220.000 0.596
5230.000 0.594
5240.000 0.595
5250.000 0.600
5260.000 0.593
5270.000 0.592
5280.000 0.595
5290.000 0.594
5300.000 0.594
5310.000 0.595
5320.000 0.593
5330.000 0.595
5340.000 0.595
5350.000 0.593
5360.000 0.598
5370.000 0.595
5380.000 0.587
5390.000 0.590
5400.000 0.594
5410.000 0.595
5420.000 0.596
5430.000 0.595
5440.000 0.595
5450.000 0.595
5460.000 0.598
5470.000 0.597
5480.000 0.598
5490.000 0.601
5500.000 0.599
5510.000 0.598
5520.000 0.601
5530.000 0.599
5540.000 0.598
5550.000 0.602
5560.000 0.599
5570.000 0.600
5580.000 0.602
5590.000 0.601
5600.000 0.599
5610.000 0.603
5620.000 0.605
5630.000 0.601
5640.000 0.603
5650.000 0.602
5660.000 0.603
5670.000 0.601
5680.000 0.600
5690.000 0.604
5700.000 0.603
5710.000 0.601
5720.000 0.600
5730.000 0.600
5740.000 0.598
5750.000 0.603
5760.000 0.600
5770.000 0.598
5780.000 0.600
5790.000 0.596
5800.000 0.599
5810.000 0.600
5820.000 0.599
5830.000 0.602
5840.000 0.598
5850.000 0.601
5860.000 0.601
5870.000 0.598
5880.000 0.600
5890.000 0.603
5900.000 0.597
5910.000 0.603
5920.000 0.604
5930.000 0.599
5940.000 0.603
5950.000 0.601
5960.000 0.604
5970.000 0.600
5980.000 0.604
5990.000 0.601
6000.000 0.602
6010.000 0.601
6020.000 0.600
6030.000 0.599
6040.000 0.601
6050.000 0.601
6060.000 0.598
6070.000 0.601
6080.000 0.601
6090.000 0.600
6100.000 0.604
6110.000 0.601
6120.000 0.604
6130.000 0.601
6140.000 0.600
6150.000 0.602
6160.000 0.602
6170.000 0.601
6180.000 0.601
6190.000 0.601
6200.000 0.597
6210.000 0.601
6220.000 0.598
6230.000 0.600
6240.000 0.600
6250.000 0.601
6260.000 0.600
6270.000 0.600
6280.000 0.601
6290.000 0.599
6300.000 0.600
6310.000 0.600
6320.000 0.600
6330.000 0.599
6340.000 0.598
6350.000 0.602
6360.000 0.598
6370.000 0.600
6380.000 0.600
6390.000 0.601
6400.000 0.598
6410.000 0.598
6420.000 0.601
6430.000 0.601
6440.000 0.601
6450.000 0.595
6460.000 0.598
6470.000 0.603
6480.000 0.599
6490.000 0.596
6500.000 0.598
6510.000 0.599
6520.000 0.600
6530.000 0.597
6540.000 0.600
6550.000 0.595
6560.000 0.599
6570.000 0.599
6580.000 0.601
6590.000 0.601
6600.000 0.609
6610.000 0.617
6620.000 0.632
6630.000 0.644
6640.000 0.686
6650.000 0.761
6660.000 0.821
6670.000 1.034
6680.000 1.208
6690.000 1.818
6700.000 3.058
6710.000 4.083
6720.000 6.978
6730.000 8.119
6740.000 7.874
6750.000 7.789
6760.000 8.263
6770.000 9.066
6780.000 11.644
6790.000 13.404
6800.000 10.509
6810.000 8.846
6820.000 6.943
6830.000 6.437
6840.000 5.963
6850.000 5.991
6860.000 6.181
6870.000 6.940
6880.000 7.570
6890.000 9.525
6900.000 12.587
6910.000 14.275
6920.000 15.128
6930.000 13.426
6940.000 9.391
6950.000 7.089
6960.000 6.371
6970.000 5.424
6980.000 5.086
6990.000 4.704
7000.000 4.552
7010.000 4.556
7020.000 4.703
7030.000 4.865
7040.000 5.416
7050.000 6.389
7060.000 7.100
7070.000 9.145
7080.000 10.409
7090.000 12.060
7100.000 9.861
7110.000 8.174
7120.000 5.929
7130.000 5.214
7140.000 4.295
7150.000 3.750
7160.000 3.573
7170.000 3.362
7180.000 3.309
7190.000 3.297
7200.000 3.414
7210.000 3.530
7220.000 3.919
7230.000 4.195
7240.000 5.020
7250.000 5.603
7260.000 7.265
7270.000 9.497
7280.000 10.187
7290.000 8.861
7300.000 7.384
7310.000 5.307
7320.000 4.133
7330.000 3.733
7340.000 3.197
7350.000 3.012
7360.000 2.752
7370.000 2.610
7380.000 2.575
7390.000 2.580
7400.000 2.624
7410.000 2.802
7420.000 3.141
7430.000 3.371
7440.000 4.133
7450.000 4.650
7460.000 5.547
7470.000 5.082
7480.000 4.290
7490.000 3.031
7500.000 2.604
7510.000 2.125
7520.000 1.861
7530.000 1.785
7540.000 1.707
7550.000 1.698
7560.000 1.751
7570.000 1.895
7580.000 2.017
7590.000 2.389
7600.000 2.663
7610.000 3.338
7620.000 3.672
7630.000 3.384
7640.000 2.372
7650.000 1.997
7660.000 1.517
7670.000 1.248
7680.000 1.162
7690.000 1.017
7700.000 0.957
7710.000 0.814
7720.000 0.547
7730.000 0.340
7740.000 0.211
7750.000 0.329
7760.000 0.459
7770.000 0.520
7780.000 0.535
7790.000 0.553
7800.000 0.561
7810.000 0.569
7820.000 0.578
7830.000 0.577
7840.000 0.577
7850.000 0.581
7860.000 0.582
7870.000 0.582
7880.000 0.581
7890.000 0.582
7900.000 0.584
7910.000 0.584
7920.000 0.583
7930.000 0.584
7940.000 0.584
7950.000 0.584
7960.000 0.588
7970.000 0.584
7980.000 0.585
7990.000 0.583
8000.000 0.582
8010.000 0.586
8020.000 0.587
8030.000 0.583
8040.000 0.583
8050.000 0.583
8060.000 0.581
8070.000 0.583
8080.000 0.588
8090.000 0.581
8100.000 0.583
8110.000 0.580
8120.000 0.582
8130.000 0.583
8140.000 0.585
8150.000 0.580
8160.000 0.581
8170.000 0.581
8180.000 0.583
8190.000 0.580
8200.000 0.582
8210.000 0.580
8220.000 0.579
8230.000 0.579
8240.000 0.580
8250.000 0.577
8260.000 0.581
8270.000 0.580
8280.000 0.578
8290.000 0.578
8300.000 0.580
8310.000 0.577
8320.000 0.575
8330.000 0.577
8340.000 0.575
8350.000 0.578
8360.000 0.575
8370.000 0.583
8380.000 0.578
8390.000 0.578
8400.000 0.578
8410.000 0.579
8420.000 0.574
8430.000 0.576
8440.000 0.577
8450.000 0.578
8460.000 0.576
8470.000 0.578
8480.000 0.577
8490.000 0.575
8500.000 0.573
8510.000 0.575
8520.000 0.576
8530.000 0.575
8540.000 0.575
8550.000 0.574
8560.000 0.574
8570.000 0.574
8580.000 0.574
8590.000 0.574
8600.000 0.574
8610.000 0.573
8620.000 0.572
8630.000 0.573
8640.000 0.575
8650.000 0.570
8660.000 0.574
8670.000 0.573
8680.000 0.572
8690.000 0.571
8700.000 0.575
8710.000 0.571
8720.000 0.573
8730.000 0.575
8740.000 0.575
8750.000 0.572
8760.000 0.568
8770.000 0.570
8780.000 0.572
8790.000 0.570
8800.000 0.571
8810.000 0.568
8820.000 0.570
8830.000 0.570
8840.000 0.570
8850.000 0.570
8860.000 0.567
8870.000 0.569
8880.000 0.569
8890.000 0.572
8900.000 0.572
8910.000 0.569
8920.000 0.570
8930.000 0.565
8940.000 0.571
8950.000 0.573
8960.000 0.574
8970.000 0.574
8980.000 0.566
8990.000 0.563
9000.000 0.564
9010.000 0.564
9020.000 0.566
9030.000 0.571
9040.000 0.569
9050.000 0.568
9060.000 0.565
9070.000 0.564
9080.000 0.564
9090.000 0.565
9100.000 0.567
9110.000 0.565
9120.000 0.566
9130.000 0.566
9140.000 0.564
9150.000 0.566
9160.000 0.565
9170.000 0.566
9180.000 0.566
9190.000 0.567
9200.000 0.562
9210.000 0.562
9220.000 0.565
9230.000 0.566
9240.000 0.563
9250.000 0.564
9260.000 0.563
9270.000 0.564
9280.000 0.562
9290.000 0.559
9300.000 0.561
9310.000 0.561
9320.000 0.560
9330.000 0.561
9340.000 0.561
9350.000 0.564
9360.000 0.563
9370.000 0.563
9380.000 0.562
9390.000 0.561
9400.000 0.560
9410.000 0.560
9420.000 0.559
9430.000 0.559
9440.000 0.561
9450.000 0.562
9460.000 0.560
9470.000 0.561
9480.000 0.560
9490.000 0.560
9500.000 0.561
9510.000 0.560
9520.000 0.559
9530.000 0.559
9540.000 0.560
9550.000 0.560
9560.000 0.560
9570.000 0.559
9580.000 0.560
9590.000 0.559
9600.000 0.558
9610.000 0.561
9620.000 0.558
9630.000 0.560
9640.000 0.559
9650.000 0.560
9660.000 0.559
9670.000 0.558
9680.000 0.560
9690.000 0.556
9700.000 0.558
9710.000 0.560
9720.000 0.560
9730.000 0.561
9740.000 0.558
9750.000 0.558
9760.000 0.562
9770.000 0.560
9780.000 0.560
9790.000 0.559
9800.000 0.562
9810.000 0.562
9820.000 0.565
9830.000 0.563
9840.000 0.564
9850.000 0.568
9860.000 0.568
9870.000 0.571
9880.000 0.576
9890.000 0.578
9900.000 0.585
9910.000 0.591
9920.000 0.600
9930.000 0.619
9940.000 0.629
9950.000 0.665
9960.000 0.719
9970.000 0.759
9980.000 0.881
9990.000 0.969
10000.000 1.285
10010.000 1.799
10020.000 2.125
10030.000 2.587
10040.000 2.594
10050.000 2.624
10060.000 3.131
10070.000 3.544
10080.000 4.607
10090.000 4.977
10100.000 4.732
10110.000 4.062
10120.000 3.857
10130.000 3.684
10140.000 3.696
10150.000 3.928
10160.000 4.448
10170.000 4.822
10180.000 5.838
10190.000 6.419
10200.000 6.624
10210.000 5.203
10220.000 4.454
10230.000 3.403
10240.000 3.055
10250.000 2.616
10260.000 2.394
10270.000 2.350
10280.000 2.376
10290.000 2.455
10300.000 2.743
10310.000 3.260
10320.000 3.650
10330.000 4.651
10340.000 5.182
10350.000 5.623
10360.000 4.837
10370.000 4.320
10380.000 3.567
10390.000 3.312
10400.000 2.961
10410.000 2.775
10420.000 2.736
10430.000 2.738
10440.000 2.777
10450.000 2.943
10460.000 3.249
10470.000 3.479
10480.000 4.094
10490.000 4.471
10500.000 5.173
10510.000 5.018
10520.000 4.518
10530.000 3.296
10540.000 2.799
10550.000 2.130
10560.000 1.909
10570.000 1.589
10580.000 1.403
10590.000 1.347
10600.000 1.299
10610.000 1.344
10620.000 1.405
10630.000 1.620
10640.000 1.816
10650.000 2.276
10660.000 2.683
10670.000 2.733
10680.000 2.477
10690.000 2.293
10700.000 1.947
10710.000 1.689
10720.000 1.589
10730.000 1.481
10740.000 1.456
10750.000 1.459
10760.000 1.509
10770.000 1.551
10780.000 1.700
10790.000 1.795
10800.000 1.961
10810.000 1.961
10820.000 1.611
10830.000 1.062
10840.000 0.829
10850.000 0.560
10860.000 0.467
10870.000 0.307
10880.000 0.150
10890.000 0.078
10900.000 0.220
10910.000 0.346
10920.000 0.509
10930.000 0.551
10940.000 0.559
10950.000 0.563
10960.000 0.561
10970.000 0.557
10980.000 0.556
10990.000 0.553
11000.000 0.550
11010.000 0.549
11020.000 0.552
11030.000 0.545
11040.000 0.548
11050.000 0.548
11060.000 0.545
11070.000 0.544
11080.000 0.544
11090.000 0.545
11100.000 0.545
11110.000 0.543
11120.000 0.544
11130.000 0.544
11140.000 0.539
11150.000 0.542
11160.000 0.541
11170.000 0.542
11180.000 0.541
11190.000 0.541
11200.000 0.543
11210.000 0.542
11220.000 0.541
11230.000 0.541
11240.000 0.540
11250.000 0.540
11260.000 0.539
11270.000 0.538
11280.000 0.541
11290.000 0.540
11300.000 0.539
11310.000 0.540
11320.000 0.541
11330.000 0.537
11340.000 0.536
11350.000 0.538
11360.000 0.540
11370.000 0.537
11380.000 0.540
11390.000 0.537
11400.000 0.538
11410.000 0.538
11420.000 0.536
11430.000 0.537
11440.000 0.536
11450.000 0.535
11460.000 0.537
11470.000 0.535
11480.000 0.536
11490.000 0.536
11500.000 0.536
11510.000 0.536
11520.000 0.538
11530.000 0.535
11540.000 0.536
11550.000 0.535
11560.000 0.534
11570.000 0.537
11580.000 0.534
11590.000 0.532
11600.000 0.535
11610.000 0.534
11620.000 0.535
11630.000 0.534
11640.000 0.535
11650.000 0.534
11660.000 0.536
11670.000 0.534
11680.000 0.532
11690.000 0.532
11700.000 0.534
11710.000 0.535
11720.000 0.531
11730.000 0.533
11740.000 0.533
11750.000 0.529
11760.000 0.530
11770.000 0.529
11780.000 0.530
11790.000 0.530
11800.000 0.531
11810.000 0.532
11820.000 0.531
11830.000 0.533
11840.000 0.531
11850.000 0.532
11860.000 0.527
11870.000 0.530
11880.000 0.528
11890.000 0.530
11900.000 0.529
11910.000 0.529
11920.000 0.528
11930.000 0.528
11940.000 0.529
11950.000 0.524
11960.000 0.528
11970.000 0.528
11980.000 0.527
11990.000 0.527
12000.000 0.526
