10.000 0.274
20.000 0.473
30.000 0.244
40.000 0.242
50.000 0.345
60.000 0.434
70.000 0.322
80.000 0.181
90.000 0.310
100.000 0.578
110.000 0.523
120.000 0.310
130.000 0.218
140.000 0.435
150.000 0.711
160.000 0.365
170.000 0.522
180.000 0.698
190.000 0.791
200.000 1.231
210.000 1.376
220.000 2.175
230.000 2.797
240.000 4.895
250.000 9.173
260.000 11.741
270.000 9.685
280.000 6.917
290.000 5.034
300.000 4.271
310.000 4.105
320.000 3.724
330.000 3.724
340.000 3.601
350.000 3.664
360.000 3.871
370.000 3.958
380.000 4.038
390.000 4.453
400.000 5.028
410.000 5.296
420.000 6.368
430.000 7.112
440.000 8.792
450.000 11.798
460.000 14.035
470.000 21.407
480.000 27.356
490.000 48.215
500.000 72.952
510.000 65.895
520.000 35.189
530.000 29.004
540.000 21.191
550.000 16.302
560.000 14.260
570.000 11.393
580.000 10.289
590.000 8.530
600.000 7.292
610.000 6.793
620.000 6.061
630.000 5.828
640.000 5.482
650.000 5.290
660.000 5.262
670.000 5.333
680.000 5.485
690.000 5.869
700.000 6.843
710.000 7.624
720.000 10.216
730.000 12.535
740.000 19.194
750.000 15.988
760.000 8.166
770.000 4.560
780.000 3.637
790.000 2.553
800.000 2.133
810.000 1.630
820.000 1.289
830.000 1.179
840.000 1.003
850.000 0.929
860.000 0.854
870.000 0.797
880.000 0.813
890.000 0.817
900.000 0.806
910.000 0.838
920.000 0.950
930.000 1.008
940.000 1.280
950.000 1.502
960.000 2.184
970.000 3.665
980.000 4.903
990.000 6.210
1000.000 4.123
1010.000 2.220
1020.000 1.637
1030.000 1.480
1040.000 1.264
1050.000 1.175
1060.000 1.090
1070.000 1.008
1080.000 0.997
1090.000 0.961
1100.000 0.954
1110.000 0.947
1120.000 0.960
1130.000 0.988
1140.000 1.054
1150.000 1.108
1160.000 1.274
1170.000 1.566
1180.000 1.774
1190.000 2.460
1200.000 3.064
1210.000 5.142
1220.000 8.787
1230.000 9.650
1240.000 4.762
1250.000 3.930
1260.000 2.899
1270.000 2.398
1280.000 2.242
1290.000 2.016
1300.000 1.959
1310.000 1.847
1320.000 1.816
1330.000 1.786
1340.000 1.800
1350.000 1.819
1360.000 1.883
1370.000 1.984
1380.000 2.072
1390.000 2.298
1400.000 2.428
1410.000 2.968
1420.000 3.640
1430.000 4.214
1440.000 6.136
1450.000 7.712
1460.000 11.739
1470.000 9.190
1480.000 6.076
1490.000 3.950
1500.000 3.402
1510.000 2.710
1520.000 2.318
1530.000 2.200
1540.000 2.030
1550.000 1.983
1560.000 1.949
1570.000 1.969
1580.000 1.995
1590.000 2.117
1600.000 2.207
1610.000 2.462
1620.000 2.843
1630.000 3.095
1640.000 3.829
1650.000 4.346
1660.000 5.920
1670.000 8.721
1680.000 11.224
1690.000 17.357
1700.000 18.846
1710.000 11.824
1720.000 7.850
1730.000 6.838
1740.000 5.578
1750.000 5.146
1760.000 4.608
1770.000 4.292
1780.000 4.189
1790.000 4.083
1800.000 4.070
1810.000 4.145
1820.000 4.301
1830.000 4.447
1840.000 4.829
1850.000 5.108
1860.000 5.866
1870.000 7.057
1880.000 7.904
1890.000 10.451
1900.000 12.327
1910.000 17.563
1920.000 21.536
1930.000 20.029
1940.000 13.312
1950.000 11.215
1960.000 8.524
1970.000 7.757
1980.000 6.718
1990.000 6.108
2000.000 5.919
2010.000 5.709
2020.000 5.663
2030.000 5.713
2040.000 5.931
2050.000 6.106
2060.000 6.620
2070.000 6.974
2080.000 7.932
2090.000 9.386
2100.000 10.378
2110.000 13.068
2120.000 14.881
2130.000 19.121
2140.000 21.529
2150.000 20.500
2160.000 15.650
2170.000 13.492
2180.000 10.491
2190.000 8.626
2200.000 7.966
2210.000 7.016
2220.000 6.682
2230.000 6.211
2240.000 5.977
2250.000 5.940
2260.000 6.015
2270.000 6.143
2280.000 6.621
2290.000 7.500
2300.000 8.144
2310.000 10.065
2320.000 11.434
2330.000 14.844
2340.000 16.502
2350.000 15.166
2360.000 10.676
2370.000 9.050
2380.000 6.989
2390.000 5.818
2400.000 5.432
2410.000 4.951
2420.000 4.817
2430.000 4.742
2440.000 4.968
2450.000 5.229
2460.000 6.182
2470.000 6.929
2480.000 8.451
2490.000 6.451
2500.000 4.149
2510.000 2.040
2520.000 1.515
2530.000 0.886
2540.000 0.543
2550.000 0.434
2560.000 0.308
2570.000 0.288
2580.000 0.290
2590.000 0.312
2600.000 0.329
2610.000 0.358
2620.000 0.374
2630.000 0.395
2640.000 0.414
2650.000 0.424
2660.000 0.446
2670.000 0.450
2680.000 0.462
2690.000 0.472
2700.000 0.476
2710.000 0.486
2720.000 0.492
2730.000 0.499
2740.000 0.501
2750.000 0.505
2760.000 0.510
2770.000 0.511
2780.000 0.512
2790.000 0.519
2800.000 0.516
2810.000 0.521
2820.000 0.523
2830.000 0.525
2840.000 0.526
2850.000 0.525
2860.000 0.527
2870.000 0.526
2880.000 0.533
2890.000 0.527
2900.000 0.531
2910.000 0.529
2920.000 0.523
2930.000 0.531
2940.000 0.529
2950.000 0.529
2960.000 0.528
2970.000 0.526
2980.000 0.528
2990.000 0.527
3000.000 0.525
3010.000 0.526
3020.000 0.527
3030.000 0.518
3040.000 0.517
3050.000 0.516
3060.000 0.514
3070.000 0.514
3080.000 0.513
3090.000 0.507
3100.000 0.503
3110.000 0.502
3120.000 0.496
3130.000 0.487
3140.000 0.487
3150.000 0.474
3160.000 0.462
3170.000 0.458
3180.000 0.443
3190.000 0.435
3200.000 0.416
3210.000 0.390
3220.000 0.379
3230.000 0.344
3240.000 0.323
3250.000 0.272
3260.000 0.229
3270.000 0.219
3280.000 0.269
3290.000 0.345
3300.000 0.646
3310.000 1.236
3320.000 1.729
3330.000 3.513
3340.000 5.059
3350.000 8.558
3360.000 6.302
3370.000 5.390
3380.000 4.657
3390.000 4.545
3400.000 4.628
3410.000 5.130
3420.000 5.579
3430.000 7.089
3440.000 8.331
3450.000 12.421
3460.000 16.845
3470.000 15.498
3480.000 8.139
3490.000 6.582
3500.000 4.864
3510.000 4.024
3520.000 3.771
3530.000 3.487
3540.000 3.427
3550.000 3.455
3560.000 3.680
3570.000 3.877
3580.000 4.498
3590.000 4.962
3600.000 6.432
3610.000 9.126
3620.000 11.343
3630.000 17.733
3640.000 20.369
3650.000 14.912
3660.000 9.090
3670.000 7.780
3680.000 6.195
3690.000 5.699
3700.000 5.020
3710.000 4.645
3720.000 4.521
3730.000 4.413
3740.000 4.405
3750.000 4.515
3760.000 4.785
3770.000 4.992
3780.000 5.615
3790.000 6.071
3800.000 7.439
3810.000 9.909
3820.000 11.846
3830.000 17.646
3840.000 20.470
3850.000 16.749
3860.000 9.246
3870.000 7.623
3880.000 5.695
3890.000 5.097
3900.000 4.282
3910.000 3.823
3920.000 3.670
3930.000 3.507
3940.000 3.472
3950.000 3.496
3960.000 3.644
3970.000 3.773
3980.000 4.137
3990.000 4.395
4000.000 5.128
4010.000 6.353
4020.000 7.308
4030.000 10.339
4040.000 12.745
4050.000 18.535
4060.000 16.394
4070.000 12.238
4080.000 8.285
4090.000 7.236
4100.000 5.903
4110.000 5.137
4120.000 4.873
4130.000 4.522
4140.000 4.409
4150.000 4.283
4160.000 4.283
4170.000 4.324
4180.000 4.502
4190.000 4.650
4200.000 5.085
4210.000 5.790
4220.000 6.298
4230.000 7.805
4240.000 8.964
4250.000 12.566
4260.000 18.015
4270.000 19.798
4280.000 14.332
4290.000 10.706
4300.000 7.203
4310.000 5.479
4320.000 4.913
4330.000 4.148
4340.000 3.862
4350.000 3.508
4360.000 3.391
4370.000 3.237
4380.000 3.197
4390.000 3.222
4400.000 3.353
4410.000 3.458
4420.000 3.791
4430.000 4.373
4440.000 4.793
4450.000 6.088
4460.000 7.067
4470.000 10.028
4480.000 13.030
4490.000 12.553
4500.000 7.689
4510.000 6.204
4520.000 4.482
4530.000 3.556
4540.000 3.247
4550.000 2.820
4560.000 2.669
4570.000 2.458
4580.000 2.341
4590.000 2.314
4600.000 2.309
4610.000 2.330
4620.000 2.444
4630.000 2.660
4640.000 2.824
4650.000 3.324
4660.000 3.706
4670.000 4.868
4680.000 6.633
4690.000 7.374
4700.000 6.308
4710.000 4.838
4720.000 3.165
4730.000 2.374
4740.000 2.133
4750.000 1.810
4760.000 1.713
4770.000 1.590
4780.000 1.541
4790.000 1.546
4800.000 1.606
4810.000 1.660
4820.000 1.847
4830.000 2.161
4840.000 2.395
4850.000 3.087
4860.000 3.615
4870.000 5.194
4880.000 7.208
4890.000 7.570
4900.000 5.569
4910.000 4.561
4920.000 3.394
4930.000 2.784
4940.000 2.558
4950.000 2.286
4960.000 2.195
4970.000 2.070
4980.000 2.038
4990.000 2.016
5000.000 2.063
5010.000 2.120
5020.000 2.324
5030.000 2.492
5040.000 3.008
5050.000 3.728
5060.000 3.919
5070.000 3.061
5080.000 2.352
5090.000 1.566
5100.000 1.213
5110.000 1.117
5120.000 1.019
5130.000 1.003
5140.000 1.025
5150.000 1.137
5160.000 1.237
5170.000 1.572
5180.000 1.826
5190.000 2.391
5200.000 2.217
5210.000 1.789
5220.000 1.273
5230.000 1.129
5240.000 0.957
5250.000 0.856
5260.000 0.825
5270.000 0.774
5280.000 0.757
5290.000 0.727
5300.000 0.705
5310.000 0.691
5320.000 0.655
5330.000 0.622
5340.000 0.511
5350.000 0.394
5360.000 0.405
5370.000 0.475
5380.000 0.498
5390.000 0.531
5400.000 0.551
5410.000 0.554
5420.000 0.566
5430.000 0.568
5440.000 0.568
5450.000 0.573
5460.000 0.578
5470.000 0.581
5480.000 0.580
5490.000 0.582
5500.000 0.583
5510.000 0.581
5520.000 0.586
5530.000 0.583
5540.000 0.586
5550.000 0.581
5560.000 0.587
5570.000 0.584
5580.000 0.586
5590.000 0.585
5600.000 0.587
5610.000 0.588
5620.000 0.583
5630.000 0.588
5640.000 0.585
5650.000 0.585
5660.000 0.586
5670.000 0.585
5680.000 0.585
5690.000 0.590
5700.000 0.586
5710.000 0.587
5720.000 0.587
5730.000 0.587
5740.000 0.590
5750.000 0.586
5760.000 0.586
5770.000 0.587
5780.000 0.588
5790.000 0.586
5800.000 0.587
5810.000 0.585
5820.000 0.588
5830.000 0.590
5840.000 0.586
5850.000 0.589
5860.000 0.586
5870.000 0.585
5880.000 0.587
5890.000 0.588
5900.000 0.586
5910.000 0.588
5920.000 0.585
5930.000 0.585
5940.000 0.589
5950.000 0.589
5960.000 0.589
5970.000 0.589
5980.000 0.587
5990.000 0.590
6000.000 0.591
6010.000 0.591
6020.000 0.585
6030.000 0.589
6040.000 0.587
6050.000 0.585
6060.000 0.588
6070.000 0.588
6080.000 0.587
6090.000 0.585
6100.000 0.591
6110.000 0.586
6120.000 0.589
6130.000 0.587
6140.000 0.588
6150.000 0.587
6160.000 0.587
6170.000 0.588
6180.000 0.588
6190.000 0.592
6200.000 0.590
6210.000 0.588
6220.000 0.587
6230.000 0.591
6240.000 0.587
6250.000 0.588
6260.000 0.590
6270.000 0.588
6280.000 0.586
6290.000 0.587
6300.000 0.585
6310.000 0.589
6320.000 0.589
6330.000 0.585
6340.000 0.586
6350.000 0.586
6360.000 0.586
6370.000 0.589
6380.000 0.587
6390.000 0.588
6400.000 0.589
6410.000 0.585
6420.000 0.589
6430.000 0.587
6440.000 0.587
6450.000 0.587
6460.000 0.585
6470.000 0.587
6480.000 0.587
6490.000 0.585
6500.000 0.586
6510.000 0.586
6520.000 0.587
6530.000 0.584
6540.000 0.588
6550.000 0.586
6560.000 0.588
6570.000 0.594
6580.000 0.597
6590.000 0.611
6600.000 0.624
6610.000 0.677
6620.000 0.814
6630.000 0.957
6640.000 1.436
6650.000 1.658
6660.000 1.489
6670.000 1.243
6680.000 1.199
6690.000 1.214
6700.000 1.264
6710.000 1.498
6720.000 1.970
6730.000 2.169
6740.000 1.861
6750.000 1.526
6760.000 1.216
6770.000 1.123
6780.000 1.114
6790.000 1.156
6800.000 1.203
6810.000 1.365
6820.000 1.667
6830.000 1.891
6840.000 2.624
6850.000 3.175
6860.000 4.319
6870.000 3.853
6880.000 3.079
6890.000 2.203
6900.000 1.961
6910.000 1.656
6920.000 1.490
6930.000 1.437
6940.000 1.385
6950.000 1.376
6960.000 1.399
6970.000 1.491
6980.000 1.562
6990.000 1.805
7000.000 2.004
7010.000 2.608
7020.000 3.452
7030.000 3.702
7040.000 2.895
7050.000 2.313
7060.000 1.687
7070.000 1.398
7080.000 1.318
7090.000 1.224
7100.000 1.200
7110.000 1.193
7120.000 1.230
7130.000 1.262
7140.000 1.377
7150.000 1.461
7160.000 1.706
7170.000 2.116
7180.000 2.426
7190.000 3.353
7200.000 3.955
7210.000 4.766
7220.000 3.652
7230.000 2.976
7240.000 2.187
7250.000 1.945
7260.000 1.629
7270.000 1.447
7280.000 1.383
7290.000 1.293
7300.000 1.272
7310.000 1.248
7320.000 1.251
7330.000 1.289
7340.000 1.377
7350.000 1.453
7360.000 1.689
7370.000 1.870
7380.000 2.416
7390.000 3.088
7400.000 3.195
7410.000 2.462
7420.000 2.049
7430.000 1.564
7440.000 1.322
7450.000 1.247
7460.000 1.162
7470.000 1.139
7480.000 1.126
7490.000 1.145
7500.000 1.171
7510.000 1.249
7520.000 1.309
7530.000 1.476
7540.000 1.753
7550.000 1.961
7560.000 2.560
7570.000 2.957
7580.000 3.677
7590.000 3.285
7600.000 2.728
7610.000 1.946
7620.000 1.708
7630.000 1.400
7640.000 1.212
7650.000 1.148
7660.000 1.062
7670.000 1.031
7680.000 0.993
7690.000 0.983
7700.000 0.987
7710.000 1.026
7720.000 1.065
7730.000 1.195
7740.000 1.437
7750.000 1.597
7760.000 1.843
7770.000 1.792
7780.000 1.414
7790.000 1.151
7800.000 1.077
7810.000 0.994
7820.000 0.971
7830.000 0.957
7840.000 0.969
7850.000 0.989
7860.000 1.052
7870.000 1.102
7880.000 1.243
7890.000 1.481
7900.000 1.659
7910.000 2.093
7920.000 2.229
7930.000 1.988
7940.000 1.416
7950.000 1.225
7960.000 0.976
7970.000 0.898
7980.000 0.789
7990.000 0.719
8000.000 0.690
8010.000 0.637
8020.000 0.604
8030.000 0.517
8040.000 0.370
8050.000 0.300
8060.000 0.420
8070.000 0.499
8080.000 0.576
8090.000 0.608
8100.000 0.628
8110.000 0.688
8120.000 0.729
8130.000 0.810
8140.000 0.819
8150.000 0.783
8160.000 0.659
8170.000 0.626
8180.000 0.604
8190.000 0.582
8200.000 0.578
8210.000 0.565
8220.000 0.573
8230.000 0.581
8240.000 0.589
8250.000 0.576
8260.000 0.561
8270.000 0.564
8280.000 0.569
8290.000 0.573
8300.000 0.565
8310.000 0.558
8320.000 0.565
8330.000 0.572
8340.000 0.569
8350.000 0.566
8360.000 0.566
8370.000 0.567
8380.000 0.566
8390.000 0.563
8400.000 0.566
8410.000 0.564
8420.000 0.565
8430.000 0.563
8440.000 0.563
8450.000 0.565
8460.000 0.562
8470.000 0.564
8480.000 0.564
8490.000 0.564
8500.000 0.564
8510.000 0.565
8520.000 0.563
8530.000 0.564
8540.000 0.562
8550.000 0.561
8560.000 0.561
8570.000 0.562
8580.000 0.560
8590.000 0.561
8600.000 0.564
8610.000 0.561
8620.000 0.562
8630.000 0.561
8640.000 0.558
8650.000 0.562
8660.000 0.561
8670.000 0.562
8680.000 0.559
8690.000 0.560
8700.000 0.562
8710.000 0.562
8720.000 0.562
8730.000 0.556
8740.000 0.558
8750.000 0.559
8760.000 0.561
8770.000 0.558
8780.000 0.559
8790.000 0.561
8800.000 0.560
8810.000 0.560
8820.000 0.558
8830.000 0.560
8840.000 0.561
8850.000 0.558
8860.000 0.558
8870.000 0.558
8880.000 0.558
8890.000 0.559
8900.000 0.558
8910.000 0.559
8920.000 0.561
8930.000 0.566
8940.000 0.565
8950.000 0.551
8960.000 0.542
8970.000 0.540
8980.000 0.550
8990.000 0.555
9000.000 0.567
9010.000 0.578
9020.000 0.575
9030.000 0.563
9040.000 0.558
9050.000 0.540
9060.000 0.529
9070.000 0.534
9080.000 0.544
9090.000 0.549
9100.000 0.563
9110.000 0.575
9120.000 0.574
9130.000 0.561
9140.000 0.555
9150.000 0.546
9160.000 0.544
9170.000 0.538
9180.000 0.535
9190.000 0.541
9200.000 0.549
9210.000 0.550
9220.000 0.556
9230.000 0.565
9240.000 0.563
9250.000 0.556
9260.000 0.548
9270.000 0.546
9280.000 0.541
9290.000 0.542
9300.000 0.549
9310.000 0.555
9320.000 0.557
9330.000 0.554
9340.000 0.550
9350.000 0.548
9360.000 0.550
9370.000 0.551
9380.000 0.550
9390.000 0.548
9400.000 0.550
9410.000 0.550
9420.000 0.549
9430.000 0.549
9440.000 0.549
9450.000 0.551
9460.000 0.551
9470.000 0.546
9480.000 0.548
9490.000 0.546
9500.000 0.548
9510.000 0.550
9520.000 0.549
9530.000 0.550
9540.000 0.548
9550.000 0.549
9560.000 0.550
9570.000 0.549
9580.000 0.548
9590.000 0.546
9600.000 0.548
9610.000 0.548
9620.000 0.547
9630.000 0.547
9640.000 0.550
9650.000 0.547
9660.000 0.549
9670.000 0.548
9680.000 0.549
9690.000 0.549
9700.000 0.548
9710.000 0.547
9720.000 0.549
9730.000 0.550
9740.000 0.547
9750.000 0.549
9760.000 0.550
9770.000 0.553
9780.000 0.553
9790.000 0.555
9800.000 0.557
9810.000 0.561
9820.000 0.564
9830.000 0.573
9840.000 0.578
9850.000 0.596
9860.000 0.612
9870.000 0.653
9880.000 0.734
9890.000 0.786
9900.000 0.830
9910.000 0.742
9920.000 0.476
9930.000 0.332
9940.000 0.274
9950.000 0.187
9960.000 0.223
9970.000 0.604
9980.000 1.170
9990.000 1.309
10000.000 1.239
10010.000 1.198
10020.000 1.162
10030.000 1.177
10040.000 1.205
10050.000 1.309
10060.000 1.386
10070.000 1.643
10080.000 2.019
10090.000 2.201
10100.000 2.160
10110.000 1.812
10120.000 1.141
10130.000 0.802
10140.000 0.699
10150.000 0.564
10160.000 0.520
10170.000 0.459
10180.000 0.432
10190.000 0.433
10200.000 0.486
10210.000 0.549
10220.000 0.802
10230.000 1.287
10240.000 1.595
10250.000 1.964
10260.000 1.873
10270.000 1.563
10280.000 1.367
10290.000 1.309
10300.000 1.244
10310.000 1.228
10320.000 1.222
10330.000 1.249
10340.000 1.282
10350.000 1.375
10360.000 1.447
10370.000 1.652
10380.000 1.981
10390.000 2.179
10400.000 2.460
10410.000 2.375
10420.000 1.674
10430.000 1.096
10440.000 0.912
10450.000 0.669
10460.000 0.599
10470.000 0.492
10480.000 0.422
10490.000 0.401
10500.000 0.363
10510.000 0.355
10520.000 0.366
10530.000 0.441
10540.000 0.524
10550.000 0.821
10560.000 1.027
10570.000 1.530
10580.000 1.701
10590.000 1.597
10600.000 1.381
10610.000 1.299
10620.000 1.189
10630.000 1.130
10640.000 1.114
10650.000 1.103
10660.000 1.105
10670.000 1.133
10680.000 1.191
10690.000 1.234
10700.000 1.343
10710.000 1.415
10720.000 1.565
10730.000 1.576
10740.000 1.521
10750.000 1.317
10760.000 1.137
10770.000 0.775
10780.000 0.563
10790.000 0.496
10800.000 0.399
10810.000 0.372
10820.000 0.309
10830.000 0.263
10840.000 0.234
10850.000 0.178
10860.000 0.151
10870.000 0.145
10880.000 0.218
10890.000 0.467
10900.000 0.820
10910.000 0.961
10920.000 1.061
10930.000 1.048
10940.000 0.994
10950.000 0.948
10960.000 0.934
10970.000 0.920
10980.000 0.921
10990.000 0.929
11000.000 0.962
11010.000 0.991
11020.000 1.070
11030.000 1.115
11040.000 1.155
11050.000 1.012
11060.000 0.868
11070.000 0.595
11080.000 0.509
11090.000 0.404
11100.000 0.350
11110.000 0.326
11120.000 0.281
11130.000 0.257
11140.000 0.203
11150.000 0.229
11160.000 0.312
11170.000 0.523
11180.000 0.598
11190.000 0.653
11200.000 0.661
11210.000 0.666
11220.000 0.669
11230.000 0.667
11240.000 0.633
11250.000 0.571
11260.000 0.548
11270.000 0.529
11280.000 0.527
11290.000 0.525
11300.000 0.525
11310.000 0.525
11320.000 0.527
11330.000 0.526
11340.000 0.526
11350.000 0.527
11360.000 0.527
11370.000 0.527
11380.000 0.526
11390.000 0.528
11400.000 0.525
11410.000 0.527
11420.000 0.525
11430.000 0.525
11440.000 0.527
11450.000 0.523
11460.000 0.527
11470.000 0.524
11480.000 0.526
11490.000 0.525
11500.000 0.525
11510.000 0.528
11520.000 0.524
11530.000 0.525
11540.000 0.525
11550.000 0.524
11560.000 0.525
11570.000 0.526
11580.000 0.523
11590.000 0.525
11600.000 0.521
11610.000 0.523
11620.000 0.523
11630.000 0.524
11640.000 0.521
11650.000 0.524
11660.000 0.523
11670.000 0.521
11680.000 0.524
11690.000 0.522
11700.000 0.525
11710.000 0.522
11720.000 0.521
11730.000 0.522
11740.000 0.522
11750.000 0.519
11760.000 0.520
11770.000 0.521
11780.000 0.522
11790.000 0.520
11800.000 0.519
11810.000 0.520
11820.000 0.520
11830.000 0.517
11840.000 0.518
11850.000 0.517
11860.000 0.520
11870.000 0.516
11880.000 0.519
11890.000 0.518
11900.000 0.520
11910.000 0.515
11920.000 0.515
11930.000 0.515
11940.000 0.515
11950.000 0.518
11960.000 0.519
11970.000 0.517
11980.000 0.517
11990.000 0.516
12000.000 0.516
